     0/199     5.19G   0.06233   0.01806         0   0.08039        15       640    0.7825      0.99    0.9861    0.6523   0.02295   0.01075         0
     1/199      5.2G   0.03536  0.008933         0   0.04429        18       640    0.9447     0.996    0.9947    0.5579   0.02693  0.007074         0
     2/199      5.2G   0.03037  0.006724         0   0.03709        17       640    0.9095     0.998    0.9947    0.6363    0.0204  0.005624         0
     3/199      5.2G   0.02498  0.005533         0   0.03051        18       640    0.9535     0.999    0.9949    0.6533   0.02348  0.005467         0
     4/199      5.2G   0.02043  0.004842         0   0.02527        17       640    0.9764     0.997    0.9954    0.7886   0.01718  0.004963         0
     5/199      5.2G   0.01829  0.004396         0   0.02269        15       640    0.9726     0.997    0.9955    0.7947   0.01556  0.004577         0
     6/199      5.2G   0.01705   0.00421         0   0.02126        21       640    0.9859     0.995    0.9956    0.7397   0.01923   0.00475         0
     7/199      5.2G   0.01619  0.004045         0   0.02023        16       640     0.979     0.997    0.9955    0.8142   0.01436  0.004391         0
     8/199      5.2G    0.0154  0.003871         0   0.01927        15       640    0.9874     0.997    0.9955    0.7773   0.01652  0.004469         0
     9/199      5.2G   0.01572  0.003906         0   0.01962        18       640    0.9902     0.994    0.9959    0.8066   0.01505  0.004618         0
    10/199      5.2G     0.015   0.00385         0   0.01885        20       640    0.9879     0.995    0.9956     0.782    0.0167  0.004811         0
    11/199      5.2G   0.01442  0.003701         0   0.01813        17       640    0.9911    0.9978     0.996    0.7943   0.01609   0.00416         0
    12/199      5.2G   0.01412   0.00362         0   0.01774        19       640    0.9955     0.995     0.996    0.8015   0.01673  0.004325         0
    13/199      5.2G   0.01417  0.003639         0   0.01781        18       640    0.9915     0.995    0.9958    0.8062   0.01584  0.004409         0
    14/199      5.2G   0.01396  0.003608         0   0.01757        25       640    0.9944     0.994    0.9957    0.7935    0.0168  0.004592         0
    15/199      5.2G   0.01349  0.003596         0   0.01709        12       640     0.991    0.9932    0.9958    0.7851   0.01697  0.004423         0
    16/199      5.2G   0.01363  0.003637         0   0.01727        23       640    0.9903     0.992    0.9957     0.809   0.01582  0.004365         0
    17/199      5.2G   0.01351  0.003516         0   0.01703        21       640    0.9869     0.992    0.9961    0.7794   0.01856  0.004661         0
    18/199      5.2G    0.0131  0.003481         0   0.01658        17       640    0.9937      0.99    0.9958    0.7973   0.01676  0.004545         0
    19/199      5.2G   0.01285  0.003532         0   0.01638        21       640    0.9939     0.991    0.9958    0.8119   0.01735  0.004413         0
    20/199      5.2G   0.01271  0.003387         0   0.01609        16       640    0.9941      0.99    0.9961    0.7738   0.01754  0.004562         0
    21/199      5.2G   0.01281  0.003375         0   0.01618        11       640     0.997    0.9922     0.996    0.8095   0.01637  0.004303         0
    22/199      5.2G   0.01301  0.003451         0   0.01646        14       640    0.9969     0.982     0.996    0.7965   0.01777   0.00475         0
    23/199      5.2G   0.01249  0.003339         0   0.01583        24       640     0.995    0.9875     0.996    0.8099    0.0167  0.004432         0
    24/199      5.2G   0.01273  0.003316         0   0.01605        18       640     0.998    0.9895    0.9962    0.8243   0.01563  0.004286         0
    25/199      5.2G   0.01252  0.003335         0   0.01586        12       640     0.996    0.9906    0.9961    0.7999   0.01665  0.004479         0
    26/199      5.2G   0.01243  0.003358         0   0.01579        15       640    0.9903     0.992     0.996    0.7983   0.01706  0.004427         0
    27/199      5.2G   0.01219  0.003297         0   0.01549        14       640    0.9945     0.996     0.996    0.8202   0.01572  0.004083         0
    28/199      5.2G   0.01237  0.003316         0   0.01568        24       640    0.9956     0.994    0.9961    0.8172   0.01597  0.004177         0
    29/199      5.2G   0.01235  0.003361         0   0.01572        18       640     0.991    0.9917    0.9963    0.8141   0.01551  0.004266         0
    30/199      5.2G   0.01207  0.003291         0   0.01536        18       640     0.996    0.9889    0.9961    0.8148   0.01681  0.004423         0
    31/199      5.2G    0.0123  0.003343         0   0.01564        21       640    0.9947     0.997    0.9961     0.797   0.01683  0.004032         0
    32/199      5.2G   0.01207  0.003274         0   0.01534        20       640    0.9964     0.996    0.9962    0.7968   0.01684  0.004208         0
    33/199      5.2G   0.01202  0.003274         0   0.01529        12       640     0.999    0.9912    0.9961    0.8044   0.01662  0.004206         0
    34/199      5.2G   0.01173  0.003235         0   0.01496        24       640    0.9922      0.99     0.996    0.8034   0.01624  0.004197         0
    35/199      5.2G   0.01185  0.003195         0   0.01505        17       640     0.994    0.9854    0.9902    0.7994   0.01762   0.00456         0
    36/199      5.2G   0.01183   0.00317         0     0.015        13       640     0.993    0.9851    0.9958    0.8058   0.01699   0.00446         0
    37/199      5.2G   0.01183  0.003257         0   0.01509        17       640    0.9918     0.993     0.996    0.8071   0.01635  0.004133         0
    38/199      5.2G   0.01176  0.003213         0   0.01498        14       640     0.994      0.99     0.996    0.8283   0.01483  0.004093         0
    39/199      5.2G   0.01175  0.003215         0   0.01497        26       640    0.9929     0.992    0.9963    0.8104   0.01636  0.004236         0
    40/199      5.2G   0.01166  0.003159         0   0.01482        17       640    0.9961     0.978    0.9941    0.7963   0.01761  0.004687         0
    41/199      5.2G   0.01169    0.0032         0   0.01489        13       640    0.9928     0.988    0.9956    0.8149   0.01597  0.004422         0
    42/199      5.2G   0.01163  0.003213         0   0.01485        16       640    0.9916     0.989    0.9958    0.8226   0.01495  0.004181         0
    43/199      5.2G   0.01158   0.00317         0   0.01475        24       640    0.9959    0.9638    0.9894    0.8058   0.01828  0.005059         0
    44/199      5.2G   0.01142  0.003154         0   0.01457        19       640    0.9934     0.988    0.9958    0.8117   0.01681  0.004409         0
    45/199      5.2G   0.01153  0.003189         0   0.01472        19       640    0.9893     0.979    0.9914    0.7871   0.01873  0.004764         0
    46/199      5.2G   0.01147  0.003233         0   0.01471        20       640    0.9946     0.987    0.9963    0.8119   0.01658  0.004605         0
    47/199      5.2G   0.01139  0.003149         0   0.01454        19       640    0.9919    0.9813    0.9896    0.8172   0.01636  0.004513         0
    48/199      5.2G   0.01126   0.00315         0   0.01441        24       640     0.995     0.986    0.9959    0.8145   0.01664  0.004238         0
    49/199      5.2G   0.01132  0.003251         0   0.01457        17       640    0.9913     0.993     0.996    0.8057   0.01648  0.004167         0
    50/199      5.2G   0.01137  0.003081         0   0.01445        14       640    0.9917      0.98    0.9959    0.8209   0.01593  0.004556         0
    51/199      5.2G   0.01129  0.003117         0   0.01441        12       640    0.9984     0.984    0.9959     0.798    0.0173   0.00451         0
    52/199      5.2G   0.01125  0.003156         0   0.01441        19       640    0.9962     0.991    0.9959    0.8083   0.01707  0.004207         0
    53/199      5.2G   0.01121  0.003148         0   0.01436        15       640    0.9904     0.992    0.9962    0.8057   0.01564  0.004177         0
    54/199      5.2G    0.0113  0.003097         0    0.0144         9       640    0.9973     0.986    0.9959      0.82   0.01554  0.004437         0
    55/199      5.2G   0.01125  0.003082         0   0.01433        15       640     0.999    0.9833    0.9964    0.8143   0.01656  0.004531         0
    56/199      5.2G   0.01109  0.003069         0   0.01416        21       640    0.9959    0.9808    0.9962    0.8114   0.01641  0.004632         0
